# control point data for second inverse mapping
# format: id x y [z] w
0 0.00000000000000000000e+00 0.00000000000000000000e+00 1.00000000000000005551e-01 1.00000000000000000000e+00
1 1.82926829268293011932e-01 0.00000000000000000000e+00 1.00000000000000005551e-01 1.00000000000000000000e+00
2 3.65853658536585024663e-01 0.00000000000000000000e+00 1.00000000000000005551e-01 1.00000000000000000000e+00
3 0.00000000000000000000e+00 5.00000000000000000000e-01 1.00000000000000005551e-01 1.00000000000000000000e+00
4 1.82926829268293011932e-01 5.00000000000000000000e-01 1.00000000000000005551e-01 1.00000000000000000000e+00
5 3.65853658536585024663e-01 5.00000000000000000000e-01 1.00000000000000005551e-01 1.00000000000000000000e+00
6 0.00000000000000000000e+00 1.00000000000000000000e+00 1.00000000000000005551e-01 1.00000000000000000000e+00
7 1.82926829268293011932e-01 1.00000000000000000000e+00 1.00000000000000005551e-01 1.00000000000000000000e+00
8 3.65853658536585024663e-01 1.00000000000000000000e+00 1.00000000000000005551e-01 1.00000000000000000000e+00
9 0.00000000000000000000e+00 -5.55111512312578023693e-17 5.00000000000000000000e-01 1.00000000000000000000e+00
10 1.82926829268293011932e-01 -5.55111512312578023693e-17 5.00000000000000000000e-01 1.00000000000000000000e+00
11 3.65853658536585024663e-01 -5.55111512312578023693e-17 5.00000000000000000000e-01 1.00000000000000000000e+00
12 0.00000000000000000000e+00 5.00000000000000000000e-01 5.00000000000000000000e-01 1.00000000000000000000e+00
13 1.82926829268293011932e-01 5.00000000000000000000e-01 5.00000000000000000000e-01 1.00000000000000000000e+00
14 3.65853658536585024663e-01 5.00000000000000000000e-01 5.00000000000000000000e-01 1.00000000000000000000e+00
15 0.00000000000000000000e+00 1.00000000000000000000e+00 5.00000000000000000000e-01 1.00000000000000000000e+00
16 1.82926829268293011932e-01 1.00000000000000000000e+00 5.00000000000000000000e-01 1.00000000000000000000e+00
17 3.65853658536585024663e-01 1.00000000000000000000e+00 5.00000000000000000000e-01 1.00000000000000000000e+00
18 0.00000000000000000000e+00 0.00000000000000000000e+00 9.00000000000000022204e-01 1.00000000000000000000e+00
19 1.82926829268293011932e-01 0.00000000000000000000e+00 9.00000000000000022204e-01 1.00000000000000000000e+00
20 3.65853658536585024663e-01 0.00000000000000000000e+00 9.00000000000000022204e-01 1.00000000000000000000e+00
21 0.00000000000000000000e+00 5.00000000000000000000e-01 9.00000000000000022204e-01 1.00000000000000000000e+00
22 1.82926829268293011932e-01 5.00000000000000000000e-01 9.00000000000000022204e-01 1.00000000000000000000e+00
23 3.65853658536585024663e-01 5.00000000000000000000e-01 9.00000000000000022204e-01 1.00000000000000000000e+00
24 0.00000000000000000000e+00 1.00000000000000000000e+00 9.00000000000000022204e-01 1.00000000000000000000e+00
25 1.82926829268293011932e-01 1.00000000000000000000e+00 9.00000000000000022204e-01 1.00000000000000000000e+00
26 3.65853658536585024663e-01 1.00000000000000000000e+00 9.00000000000000022204e-01 1.00000000000000000000e+00
