3

210000.0    0.3

1

27

2    2    2    

6    6    6    

3    3    3    

0    1    2    3    4    5    6    7    8    9    10    11    12    13    14    15    16    17    18    19    20    21    22    23    24    25    26    

1    0    0

0.0    0.0    0.0    1.0    1.0    1.0    
0.0    0.0    0.0    1.0    1.0    1.0    
0.0    0.0    0.0    1.0    1.0    1.0    

0 0 0

1

1

27

2    2    2    

6    6    6    

3    3    3    

0    1    2    3    4    5    6    7    8    9    10    11    12    13    14    15    16    17    18    19    20    21    22    23    24    25    26    

0    0    0

0.0    0.0    0.0    1.0    1.0    1.0    
0.0    0.0    0.0    1.0    1.0    1.0    
0.0    0.0    0.0    1.0    1.0    1.0    

0 0.000000000000000e+00   0.000000000000000e+00   1.000000000000000e-01   1.000000000000000e+00
1 1.829268292682930e-01   0.000000000000000e+00   1.000000000000000e-01   1.000000000000000e+00
2 3.658536585365850e-01   0.000000000000000e+00   1.000000000000000e-01   1.000000000000000e+00
3 0.000000000000000e+00   5.000000000000000e-01   1.000000000000000e-01   1.000000000000000e+00
4 1.829268292682930e-01   5.000000000000000e-01   1.000000000000000e-01   1.000000000000000e+00
5 3.658536585365850e-01   5.000000000000000e-01   1.000000000000000e-01   1.000000000000000e+00
6 0.000000000000000e+00   1.000000000000000e+00   1.000000000000000e-01   1.000000000000000e+00
7 1.829268292682930e-01   1.000000000000000e+00   1.000000000000000e-01   1.000000000000000e+00
8 3.658536585365850e-01   1.000000000000000e+00   1.000000000000000e-01   1.000000000000000e+00
9 0.000000000000000e+00   -5.551115123125780e-17   5.000000000000000e-01   1.000000000000000e+00
10 1.829268292682930e-01   -5.551115123125780e-17   5.000000000000000e-01   1.000000000000000e+00
11 3.658536585365850e-01   -5.551115123125780e-17   5.000000000000000e-01   1.000000000000000e+00
12 0.000000000000000e+00   5.000000000000000e-01   5.000000000000000e-01   1.000000000000000e+00
13 1.829268292682930e-01   5.000000000000000e-01   5.000000000000000e-01   1.000000000000000e+00
14 3.658536585365850e-01   5.000000000000000e-01   5.000000000000000e-01   1.000000000000000e+00
15 0.000000000000000e+00   1.000000000000000e+00   5.000000000000000e-01   1.000000000000000e+00
16 1.829268292682930e-01   1.000000000000000e+00   5.000000000000000e-01   1.000000000000000e+00
17 3.658536585365850e-01   1.000000000000000e+00   5.000000000000000e-01   1.000000000000000e+00
18 0.000000000000000e+00   0.000000000000000e+00   9.000000000000000e-01   1.000000000000000e+00
19 1.829268292682930e-01   0.000000000000000e+00   9.000000000000000e-01   1.000000000000000e+00
20 3.658536585365850e-01   0.000000000000000e+00   9.000000000000000e-01   1.000000000000000e+00
21 0.000000000000000e+00   5.000000000000000e-01   9.000000000000000e-01   1.000000000000000e+00
22 1.829268292682930e-01   5.000000000000000e-01   9.000000000000000e-01   1.000000000000000e+00
23 3.658536585365850e-01   5.000000000000000e-01   9.000000000000000e-01   1.000000000000000e+00
24 0.000000000000000e+00   1.000000000000000e+00   9.000000000000000e-01   1.000000000000000e+00
25 1.829268292682930e-01   1.000000000000000e+00   9.000000000000000e-01   1.000000000000000e+00
26 3.658536585365850e-01   1.000000000000000e+00   9.000000000000000e-01   1.000000000000000e+00
